 0        0.000555
 1        0.000802
 2        0.001139
 3        0.001594
 4        0.002196
 5        0.002978
 6        0.003976
 7        0.005227
 8        0.006764
 9        0.008617
 10       0.010808
 11       0.013346
 12       0.016225
 13       0.019419
 14       0.022881
 15       0.026542
 16       0.030312
 17       0.034081
 18       0.037724
 19       0.041110
 20       0.044104
 21       0.046583
 22       0.048439
 23       0.049588
 24       0.049977
 25       0.049588
 26       0.048439
 27       0.046583
 28       0.044104
 29       0.041110
 30       0.037724
 31       0.034081
 32       0.030312
 33       0.026542
 34       0.022881
 35       0.019419
 36       0.016225
 37       0.013346
 38       0.010808
 39       0.008617
 40       0.006764
 41       0.005227
 42       0.003976
 43       0.002978
 44       0.002196
 45       0.001594
 46       0.001139
 47       0.000802 
 48       0.000555
